0	-5.6e-6
0.001	-5.308e-6
0.002	-5.153e-6
0.003	-5.059e-6
0.004	-4.98e-6
0.005	-4.91e-6
0.006	-4.841e-6
0.007	-4.779e-6
0.008	-4.722e-6
0.009	-4.662e-6
0.01	-4.607e-6
0.011	-4.556e-6
0.012	-4.504e-6
0.013	-4.454e-6
0.014	-4.405e-6
0.015	-4.359e-6
0.016	-4.314e-6
0.017	-4.271e-6
0.018	-4.228e-6
0.019	-4.185e-6
0.02	-4.142e-6
0.021	-4.103e-6
0.022	-4.064e-6
0.023	-4.023e-6
0.024	-3.986e-6
0.025	-3.948e-6
0.026	-3.911e-6
0.027	-3.873e-6
0.028	-3.836e-6
0.029	-3.803e-6
0.03	-3.767e-6
0.031	-3.735e-6
0.032	-3.7e-6
0.033	-3.667e-6
0.034	-3.636e-6
0.035	-3.604e-6
0.036	-3.573e-6
0.037	-3.541e-6
0.038	-3.51e-6
0.039	-3.48e-6
0.04	-3.452e-6
0.041	-3.421e-6
0.042	-3.391e-6
0.043	-3.363e-6
0.044	-3.334e-6
0.045	-3.305e-6
0.046	-3.277e-6
0.047	-3.25e-6
0.048	-3.221e-6
0.049	-3.193e-6
0.05	-3.169e-6
0.051	-3.14e-6
0.052	-3.112e-6
0.053	-3.087e-6
0.054	-3.059e-6
0.055	-3.032e-6
0.056	-3.008e-6
0.057	-2.982e-6
0.058	-2.96e-6
0.059	-2.935e-6
0.06	-2.908e-6
0.061	-2.884e-6
0.062	-2.86e-6
0.063	-2.838e-6
0.064	-2.813e-6
0.065	-2.787e-6
0.066	-2.764e-6
0.067	-2.74e-6
0.068	-2.715e-6
0.069	-2.692e-6
0.07	-2.668e-6
0.071	-2.645e-6
0.072	-2.623e-6
0.073	-2.6e-6
0.074	-2.577e-6
0.075	-2.554e-6
0.076	-2.532e-6
0.077	-2.511e-6
0.078	-2.488e-6
0.079	-2.464e-6
0.08	-2.442e-6
0.081	-2.42e-6
0.082	-2.401e-6
0.083	-2.378e-6
0.084	-2.354e-6
0.085	-2.333e-6
0.086	-2.31e-6
0.087	-2.29e-6
0.088	-2.269e-6
0.089	-2.246e-6
0.09	-2.222e-6
0.091	-2.201e-6
0.092	-2.179e-6
0.093	-2.159e-6
0.094	-2.136e-6
0.095	-2.114e-6
0.096	-2.091e-6
0.097	-2.069e-6
0.098	-2.048e-6
0.099	-2.026e-6
0.1	-2.003e-6
0.101	-1.982e-6
0.102	-1.959e-6
0.103	-1.935e-6
0.104	-1.916e-6
0.105	-1.894e-6
0.106	-1.875e-6
0.107	-1.851e-6
0.108	-1.829e-6
0.109	-1.808e-6
0.11	-1.786e-6
0.111	-1.764e-6
0.112	-1.742e-6
0.113	-1.721e-6
0.114	-1.699e-6
0.115	-1.677e-6
0.116	-1.654e-6
0.117	-1.634e-6
0.118	-1.61e-6
0.119	-1.589e-6
0.12	-1.567e-6
0.121	-1.545e-6
0.122	-1.523e-6
0.123	-1.502e-6
0.124	-1.479e-6
0.125	-1.458e-6
0.126	-1.435e-6
0.127	-1.415e-6
0.128	-1.394e-6
0.129	-1.372e-6
0.13	-1.35e-6
0.131	-1.328e-6
0.132	-1.304e-6
0.133	-1.283e-6
0.134	-1.26e-6
0.135	-1.236e-6
0.136	-1.214e-6
0.137	-1.191e-6
0.138	-1.169e-6
0.139	-1.145e-6
0.14	-1.123e-6
0.141	-1.099e-6
0.142	-1.075e-6
0.143	-1.052e-6
0.144	-1.027e-6
0.145	-1.003e-6
0.146	-0.983e-66
0.147	-0.959e-64
0.148	-0.933e-68
0.149	-0.908e-69
0.15	-0.8793e-6
0.151	-0.852e-63
0.152	-0.825e-6
0.153	-0.795e-69
0.154	-0.767e-6
0.155	-0.739e-61
0.156	-0.709e-69
0.157	-0.681e-6
0.158	-0.651e-65
0.159	-0.619e-62
0.16	-0.5874e-6
0.161	-0.556e-64
0.162	-0.522e-63
0.163	-0.487e-64
0.164	-0.455e-63
0.165	-0.423e-6
0.166	-0.384e-67
0.167	-0.345e-64
0.168	-0.306e-69
0.169	-0.266e-69
0.17	-0.2265e-6
0.171	-0.183e-64
0.172	-0.138e-68
0.173	-0.092e-623
0.174	-0.042e-6
0.175	0.0075e-65
0.176	0.0603e-64
0.177	0.1168e-6
0.178	0.1721e-6
0.179	0.2327e-6
0.18	0.2977e-6
0.181	0.3651e-6
0.182	0.4355e-6
0.183	0.509e-6
0.184	0.5888e-6
0.185	0.6715e-6
0.186	0.7564e-6
0.187	0.8484e-6
0.188	0.9473e-6
0.189	1.055e-6
0.19	1.173e-6
0.191	1.294e-6
0.192	1.426e-6
0.193	1.571e-6
0.194	1.722e-6
0.195	1.888e-6
0.196	2.07e-6
0.197	2.271e-6
0.198	2.5e-6
0.199	2.748e-6
0.2	3.022e-6
0.201	3.329e-6
0.202	3.661e-6
0.203	4.044e-6
0.204	4.472e-6
0.205	4.961e-6
0.206	5.505e-6
0.207	6.111e-6
0.208	6.803e-6
0.209	7.587e-6
0.21	8.457e-6
0.211	9.44e-6
0.212	10.54e-6
0.213	11.76e-6
0.214	13.13e-6
0.215	14.64e-6
0.216	16.32e-6
0.217	18.16e-6
0.218	20.17e-6
0.219	22.37e-6
0.22	24.74e-6
0.221	27.29e-6
0.222	30.03e-6
0.223	32.93e-6
0.224	35.99e-6
0.225	39.23e-6
0.226	42.6e-6
0.227	46.13e-6
0.228	49.78e-6
0.229	53.56e-6
0.23	57.47e-6
0.231	61.48e-6
0.232	65.6e-6
0.233	69.8e-6
0.234	74.09e-6
0.235	78.44e-6
0.236	82.87e-6
0.237	87.36e-6
0.238	91.9e-6
0.239	96.47e-6
0.24	101.1e-6
0.241	105.7e-6
0.242	110.3e-6
0.243	114.9e-6
0.244	119.5e-6
0.245	124.1e-6
0.246	128.6e-6
0.247	133.1e-6
0.248	137.5e-6
0.249	141.8e-6
0.25	146e-6
0.251	150.1e-6
0.252	154.1e-6
0.253	157.9e-6
0.254	161.5e-6
0.255	164.9e-6
0.256	168.1e-6
0.257	171e-6
0.258	173.7e-6
0.259	176e-6
0.26	178e-6
0.261	179.7e-6
0.262	181e-6
0.263	181.8e-6
0.264	182.2e-6
0.265	182.1e-6
0.266	181.5e-6
0.267	180.4e-6
0.268	178.8e-6
0.269	176.7e-6
0.27	174e-6
0.271	170.9e-6
0.272	167.4e-6
0.273	163.4e-6
0.274	158.9e-6
0.275	154.2e-6
0.276	149.1e-6
0.277	143.9e-6
0.278	138.4e-6
0.279	132.7e-6
0.28	127.1e-6
0.281	121.4e-6
0.282	115.9e-6
0.283	110.4e-6
0.284	105.1e-6
0.285	99.91e-6
0.286	95.02e-6
0.287	90.32e-6
0.288	85.89e-6
0.289	81.71e-6
0.29	77.76e-6
0.291	74.06e-6
0.292	70.59e-6
0.293	67.34e-6
0.294	64.32e-6
0.295	61.51e-6
0.296	58.91e-6
0.297	56.51e-6
0.298	54.27e-6
0.299	52.23e-6
0.3	50.35e-6
0.301	48.62e-6
0.302	47.01e-6
0.303	45.52e-6
0.304	44.17e-6
0.305	42.9e-6
0.306	41.72e-6
0.307	40.65e-6
0.308	39.68e-6
0.309	38.73e-6
0.31	37.84e-6
0.311	36.97e-6
0.312	36.17e-6
0.313	35.42e-6
0.314	34.72e-6
0.315	34.05e-6
0.316	33.38e-6
0.317	32.75e-6
0.318	32.15e-6
0.319	31.59e-6
0.32	31.06e-6
0.321	30.54e-6
0.322	30.03e-6
0.323	29.56e-6
0.324	29.11e-6
0.325	28.68e-6
0.326	28.28e-6
0.327	27.89e-6
0.328	27.52e-6
0.329	27.16e-6
0.33	26.82e-6
0.331	26.51e-6
0.332	26.2e-6
0.333	25.9e-6
0.334	25.63e-6
0.335	25.35e-6
0.336	25.09e-6
0.337	24.85e-6
0.338	24.61e-6
0.339	24.39e-6
0.34	24.18e-6
0.341	23.96e-6
0.342	23.75e-6
0.343	23.55e-6
0.344	23.37e-6
0.345	23.19e-6
0.346	23.02e-6
0.347	22.85e-6
0.348	22.67e-6
0.349	22.5e-6
0.35	22.34e-6
0.351	22.17e-6
0.352	22.03e-6
0.353	21.89e-6
0.354	21.74e-6
0.355	21.6e-6
0.356	21.45e-6
0.357	21.32e-6
0.358	21.2e-6
0.359	21.09e-6
0.36	20.97e-6
0.361	20.84e-6
0.362	20.72e-6
0.363	20.62e-6
0.364	20.5e-6
0.365	20.39e-6
0.366	20.3e-6
0.367	20.19e-6
0.368	20.09e-6
0.369	20e-6
0.37	19.89e-6
0.371	19.82e-6
0.372	19.73e-6
0.373	19.65e-6
0.374	19.55e-6
0.375	19.46e-6
0.376	19.39e-6
0.377	19.31e-6
0.378	19.23e-6
0.379	19.18e-6
0.38	19.1e-6
0.381	19.04e-6
0.382	18.98e-6
0.383	18.9e-6
0.384	18.85e-6
0.385	18.79e-6
0.386	18.72e-6
0.387	18.68e-6
0.388	18.62e-6
0.389	18.56e-6
0.39	18.51e-6
0.391	18.44e-6
0.392	18.4e-6
0.393	18.36e-6
0.394	18.3e-6
0.395	18.26e-6
0.396	18.22e-6
0.397	18.19e-6
0.398	18.16e-6
0.399	18.1e-6
0.4	18.08e-6
0.401	18.04e-6
0.402	17.99e-6
0.403	17.97e-6
0.404	17.94e-6
0.405	17.91e-6
0.406	17.88e-6
0.407	17.85e-6
0.408	17.83e-6
0.409	17.8e-6
0.41	17.78e-6
0.411	17.77e-6
0.412	17.74e-6
0.413	17.71e-6
0.414	17.69e-6
0.415	17.66e-6
0.416	17.65e-6
0.417	17.64e-6
0.418	17.61e-6
0.419	17.61e-6
0.42	17.58e-6
0.421	17.57e-6
0.422	17.56e-6
0.423	17.55e-6
0.424	17.54e-6
0.425	17.52e-6
0.426	17.51e-6
0.427	17.5e-6
0.428	17.49e-6
0.429	17.5e-6
0.43	17.5e-6
0.431	17.49e-6
0.432	17.49e-6
0.433	17.49e-6
0.434	17.48e-6
0.435	17.5e-6
0.436	17.51e-6
0.437	17.51e-6
0.438	17.52e-6
0.439	17.51e-6
0.44	17.52e-6
0.441	17.53e-6
0.442	17.54e-6
0.443	17.56e-6
0.444	17.57e-6
0.445	17.58e-6
0.446	17.61e-6
0.447	17.61e-6
0.448	17.63e-6
0.449	17.65e-6
0.45	17.66e-6
0.451	17.69e-6
0.452	17.7e-6
0.453	17.72e-6
0.454	17.75e-6
0.455	17.78e-6
0.456	17.81e-6
0.457	17.83e-6
0.458	17.84e-6
0.459	17.89e-6
0.46	17.91e-6
0.461	17.96e-6
0.462	18e-6
0.463	18.01e-6
0.464	18.05e-6
0.465	18.09e-6
0.466	18.11e-6
0.467	18.15e-6
0.468	18.19e-6
0.469	18.24e-6
0.47	18.28e-6
0.471	18.32e-6
0.472	18.36e-6
0.473	18.4e-6
0.474	18.45e-6
0.475	18.5e-6
0.476	18.52e-6
0.477	18.58e-6
0.478	18.63e-6
0.479	18.66e-6
0.48	18.72e-6
0.481	18.78e-6
0.482	18.81e-6
0.483	18.88e-6
0.484	18.92e-6
0.485	18.97e-6
0.486	19.03e-6
0.487	19.07e-6
0.488	19.14e-6
0.489	19.2e-6
0.49	19.25e-6
0.491	19.31e-6
0.492	19.37e-6
0.493	19.44e-6
0.494	19.51e-6
0.495	19.56e-6
0.496	19.63e-6
0.497	19.69e-6
0.498	19.75e-6
0.499	19.83e-6
0.5	19.9e-6
0.501	19.97e-6
0.502	20.05e-6
0.503	20.11e-6
0.504	20.19e-6
0.505	20.27e-6
0.506	20.35e-6
0.507	20.46e-6
0.508	20.52e-6
0.509	20.61e-6
0.51	20.7e-6
0.511	20.78e-6
0.512	20.9e-6
0.513	21.02e-6
0.514	21.09e-6
0.515	21.18e-6
0.516	21.26e-6
0.517	21.35e-6
0.518	21.46e-6
0.519	21.56e-6
0.52	21.67e-6
0.521	21.77e-6
0.522	21.87e-6
0.523	22e-6
0.524	22.11e-6
0.525	22.24e-6
0.526	22.37e-6
0.527	22.48e-6
0.528	22.61e-6
0.529	22.74e-6
0.53	22.86e-6
0.531	23.01e-6
0.532	23.15e-6
0.533	23.29e-6
0.534	23.44e-6
0.535	23.58e-6
0.536	23.73e-6
0.537	23.88e-6
0.538	24.04e-6
0.539	24.21e-6
0.54	24.36e-6
0.541	24.53e-6
0.542	24.71e-6
0.543	24.87e-6
0.544	25.05e-6
0.545	25.23e-6
0.546	25.39e-6
0.547	25.59e-6
0.548	25.78e-6
0.549	25.96e-6
0.55	26.15e-6
0.551	26.35e-6
0.552	26.56e-6
0.553	26.76e-6
0.554	26.95e-6
0.555	27.16e-6
0.556	27.36e-6
0.557	27.59e-6
0.558	27.82e-6
0.559	28.02e-6
0.56	28.23e-6
0.561	28.46e-6
0.562	28.69e-6
0.563	28.93e-6
0.564	29.17e-6
0.565	29.4e-6
0.566	29.63e-6
0.567	29.85e-6
0.568	30.1e-6
0.569	30.33e-6
0.57	30.58e-6
0.571	30.82e-6
0.572	31.07e-6
0.573	31.3e-6
0.574	31.55e-6
0.575	31.79e-6
0.576	32.06e-6
0.577	32.3e-6
0.578	32.53e-6
0.579	32.79e-6
0.58	33.03e-6
0.581	33.28e-6
0.582	33.53e-6
0.583	33.78e-6
0.584	34.03e-6
0.585	34.27e-6
0.586	34.51e-6
0.587	34.77e-6
0.588	35e-6
0.589	35.23e-6
0.59	35.47e-6
0.591	35.7e-6
0.592	35.96e-6
0.593	36.18e-6
0.594	36.4e-6
0.595	36.65e-6
0.596	36.88e-6
0.597	37.1e-6
0.598	37.34e-6
0.599	37.55e-6
0.6	37.79e-6
0.601	38.01e-6
0.602	38.23e-6
0.603	38.48e-6
0.604	38.68e-6
0.605	38.91e-6
0.606	39.14e-6
0.607	39.35e-6
0.608	39.58e-6
0.609	39.81e-6
0.61	40.01e-6
0.611	40.24e-6
0.612	40.45e-6
0.613	40.66e-6
0.614	40.88e-6
0.615	41.13e-6
0.616	41.37e-6
0.617	41.57e-6
0.618	41.79e-6
0.619	42.01e-6
0.62	42.23e-6
0.621	42.47e-6
0.622	42.72e-6
0.623	42.93e-6
0.624	43.18e-6
0.625	43.41e-6
0.626	43.65e-6
0.627	43.91e-6
0.628	44.17e-6
0.629	44.42e-6
0.63	44.68e-6
0.631	44.94e-6
0.632	45.2e-6
0.633	45.47e-6
0.634	45.75e-6
0.635	46.05e-6
0.636	46.34e-6
0.637	46.64e-6
0.638	46.94e-6
0.639	47.23e-6
0.64	47.56e-6
0.641	47.9e-6
0.642	48.23e-6
0.643	48.57e-6
0.644	48.91e-6
0.645	49.27e-6
0.646	49.65e-6
0.647	50.03e-6
0.648	50.42e-6
0.649	50.79e-6
0.65	51.18e-6
0.651	51.61e-6
0.652	52.02e-6
0.653	52.48e-6
0.654	52.94e-6
0.655	53.39e-6
0.656	53.89e-6
0.657	54.39e-6
0.658	54.87e-6
0.659	55.4e-6
0.66	55.94e-6
0.661	56.49e-6
0.662	57.04e-6
0.663	57.61e-6
0.664	58.22e-6
0.665	58.84e-6
0.666	59.5e-6
0.667	60.16e-6
0.668	60.8e-6
0.669	61.48e-6
0.67	62.2e-6
0.671	62.92e-6
0.672	63.67e-6
0.673	64.43e-6
0.674	65.23e-6
0.675	66.04e-6
0.676	66.85e-6
0.677	67.71e-6
0.678	68.58e-6
0.679	69.48e-6
0.68	70.42e-6
0.681	71.37e-6
0.682	72.34e-6
0.683	73.36e-6
0.684	74.38e-6
0.685	75.45e-6
0.686	76.55e-6
0.687	77.65e-6
0.688	78.8e-6
0.689	79.97e-6
0.69	81.16e-6
0.691	82.4e-6
0.692	83.66e-6
0.693	84.95e-6
0.694	86.31e-6
0.695	87.66e-6
0.696	89.06e-6
0.697	90.49e-6
0.698	91.96e-6
0.699	93.47e-6
0.7	95.01e-6
0.701	96.57e-6
0.702	98.17e-6
0.703	99.78e-6
0.704	101.5e-6
0.705	103.2e-6
0.706	104.9e-6
0.707	106.7e-6
0.708	108.5e-6
0.709	110.4e-6
0.71	112.3e-6
0.711	114.3e-6
0.712	116.2e-6
0.713	118.3e-6
0.714	120.3e-6
0.715	122.4e-6
0.716	124.5e-6
0.717	126.8e-6
0.718	129e-6
0.719	131.2e-6
0.72	133.5e-6
0.721	135.9e-6
0.722	138.2e-6
0.723	140.6e-6
0.724	143.1e-6
0.725	145.6e-6
0.726	148.2e-6
0.727	150.7e-6
0.728	153.4e-6
0.729	156e-6
0.73	158.7e-6
0.731	161.5e-6
0.732	164.3e-6
0.733	167.1e-6
0.734	169.9e-6
0.735	172.8e-6
0.736	175.8e-6
0.737	178.8e-6
0.738	181.8e-6
0.739	184.8e-6
0.74	187.9e-6
0.741	191e-6
0.742	194.2e-6
0.743	197.4e-6
0.744	200.6e-6
0.745	203.9e-6
0.746	207.2e-6
0.747	210.5e-6
0.748	213.9e-6
0.749	217.3e-6
0.75	220.8e-6
0.751	224.2e-6
0.752	227.8e-6
0.753	231.3e-6
0.754	234.9e-6
0.755	238.5e-6
0.756	242.2e-6
0.757	245.9e-6
0.758	249.5e-6
0.759	253.3e-6
0.76	257e-6
0.761	260.8e-6
0.762	264.6e-6
0.763	268.5e-6
0.764	272.3e-6
0.765	276.3e-6
0.766	280.2e-6
0.767	284.3e-6
0.768	288.3e-6
0.769	292.4e-6
0.77	296.5e-6
0.771	300.7e-6
0.772	304.8e-6
0.773	309e-6
0.774	313.2e-6
0.775	317.4e-6
0.776	321.8e-6
0.777	326.1e-6
0.778	330.4e-6
0.779	334.7e-6
0.78	339.1e-6
0.781	343.5e-6
0.782	348e-6
0.783	352.4e-6
0.784	356.9e-6
0.785	361.4e-6
0.786	366e-6
0.787	370.6e-6
0.788	375.2e-6
0.789	379.9e-6
0.79	384.5e-6
0.791	389.2e-6
0.792	393.8e-6
0.793	398.5e-6
0.794	403.3e-6
0.795	408e-6
0.796	412.8e-6
0.797	417.6e-6
0.798	422.5e-6
0.799	427.3e-6
0.8	431.3e-6
0.799	428.3e-6
0.798	421.4e-6
0.797	414.3e-6
0.796	407.4e-6
0.795	400.7e-6
0.794	394.2e-6
0.793	387.8e-6
0.792	381.5e-6
0.791	375.2e-6
0.79	369e-6
0.789	362.9e-6
0.788	356.9e-6
0.787	350.9e-6
0.786	344.9e-6
0.785	339e-6
0.784	333.1e-6
0.783	327.5e-6
0.782	321.8e-6
0.781	316.2e-6
0.78	310.6e-6
0.779	305.1e-6
0.778	299.7e-6
0.777	294.4e-6
0.776	289e-6
0.775	283.7e-6
0.774	278.5e-6
0.773	273.3e-6
0.772	268.2e-6
0.771	263.2e-6
0.77	258.2e-6
0.769	253.2e-6
0.768	248.3e-6
0.767	243.5e-6
0.766	238.7e-6
0.765	234e-6
0.764	229.3e-6
0.763	224.7e-6
0.762	220.1e-6
0.761	215.6e-6
0.76	211.1e-6
0.759	206.7e-6
0.758	202.4e-6
0.757	198.1e-6
0.756	193.8e-6
0.755	189.6e-6
0.754	185.5e-6
0.753	181.4e-6
0.752	177.3e-6
0.751	173.3e-6
0.75	169.4e-6
0.749	165.5e-6
0.748	161.7e-6
0.747	157.9e-6
0.746	154.2e-6
0.745	150.5e-6
0.744	146.9e-6
0.743	143.3e-6
0.742	139.8e-6
0.741	136.3e-6
0.74	132.9e-6
0.739	129.5e-6
0.738	126.3e-6
0.737	123e-6
0.736	119.8e-6
0.735	116.6e-6
0.734	113.5e-6
0.733	110.5e-6
0.732	107.4e-6
0.731	104.5e-6
0.73	101.6e-6
0.729	98.71e-6
0.728	95.91e-6
0.727	93.16e-6
0.726	90.44e-6
0.725	87.78e-6
0.724	85.19e-6
0.723	82.62e-6
0.722	80.12e-6
0.721	77.65e-6
0.72	75.24e-6
0.719	72.88e-6
0.718	70.56e-6
0.717	68.26e-6
0.716	66e-6
0.715	63.82e-6
0.714	61.71e-6
0.713	59.62e-6
0.712	57.57e-6
0.711	55.59e-6
0.71	53.61e-6
0.709	51.7e-6
0.708	49.85e-6
0.707	48.04e-6
0.706	46.26e-6
0.705	44.53e-6
0.704	42.82e-6
0.703	41.17e-6
0.702	39.56e-6
0.701	37.99e-6
0.7	36.45e-6
0.699	34.95e-6
0.698	33.48e-6
0.697	32.06e-6
0.696	30.65e-6
0.695	29.28e-6
0.694	27.96e-6
0.693	26.66e-6
0.692	25.42e-6
0.691	24.19e-6
0.69	22.99e-6
0.689	21.85e-6
0.688	20.71e-6
0.687	19.62e-6
0.686	18.56e-6
0.685	17.51e-6
0.684	16.49e-6
0.683	15.5e-6
0.682	14.54e-6
0.681	13.62e-6
0.68	12.7e-6
0.679	11.82e-6
0.678	10.96e-6
0.677	10.11e-6
0.676	9.318e-6
0.675	8.528e-6
0.674	7.759e-6
0.673	7.018e-6
0.672	6.289e-6
0.671	5.576e-6
0.67	4.894e-6
0.669	4.222e-6
0.668	3.575e-6
0.667	2.951e-6
0.666	2.337e-6
0.665	1.734e-6
0.664	1.15e-6
0.663	0.5932e-6
0.662	0.0480e-65
0.661	-0.489e-67
0.66	-0.9967e-6
0.659	-1.511e-6
0.658	-2.005e-6
0.657	-2.462e-6
0.656	-2.929e-6
0.655	-3.379e-6
0.654	-3.816e-6
0.653	-4.253e-6
0.652	-4.673e-6
0.651	-5.075e-6
0.65	-5.466e-6
0.649	-5.851e-6
0.648	-6.229e-6
0.647	-6.582e-6
0.646	-6.943e-6
0.645	-7.304e-6
0.644	-7.63e-6
0.643	-7.964e-6
0.642	-8.29e-6
0.641	-8.6e-6
0.64	-8.914e-6
0.639	-9.213e-6
0.638	-9.501e-6
0.637	-9.791e-6
0.636	-10.06e-6
0.635	-10.32e-6
0.634	-10.59e-6
0.633	-10.85e-6
0.632	-11.11e-6
0.631	-11.35e-6
0.63	-11.58e-6
0.629	-11.82e-6
0.628	-12.03e-6
0.627	-12.26e-6
0.626	-12.49e-6
0.625	-12.7e-6
0.624	-12.91e-6
0.623	-13.1e-6
0.622	-13.3e-6
0.621	-13.5e-6
0.62	-13.69e-6
0.619	-13.87e-6
0.618	-14.05e-6
0.617	-14.22e-6
0.616	-14.39e-6
0.615	-14.55e-6
0.614	-14.75e-6
0.613	-14.92e-6
0.612	-15.06e-6
0.611	-15.2e-6
0.61	-15.34e-6
0.609	-15.47e-6
0.608	-15.61e-6
0.607	-15.75e-6
0.606	-15.87e-6
0.605	-16e-6
0.604	-16.11e-6
0.603	-16.23e-6
0.602	-16.34e-6
0.601	-16.45e-6
0.6	-16.56e-6
0.599	-16.65e-6
0.598	-16.74e-6
0.597	-16.83e-6
0.596	-16.91e-6
0.595	-17e-6
0.594	-17.08e-6
0.593	-17.14e-6
0.592	-17.22e-6
0.591	-17.27e-6
0.59	-17.33e-6
0.589	-17.39e-6
0.588	-17.44e-6
0.587	-17.49e-6
0.586	-17.53e-6
0.585	-17.55e-6
0.584	-17.6e-6
0.583	-17.62e-6
0.582	-17.65e-6
0.581	-17.69e-6
0.58	-17.69e-6
0.579	-17.7e-6
0.578	-17.71e-6
0.577	-17.71e-6
0.576	-17.73e-6
0.575	-17.74e-6
0.574	-17.73e-6
0.573	-17.72e-6
0.572	-17.7e-6
0.571	-17.69e-6
0.57	-17.68e-6
0.569	-17.67e-6
0.568	-17.65e-6
0.567	-17.61e-6
0.566	-17.59e-6
0.565	-17.57e-6
0.564	-17.53e-6
0.563	-17.51e-6
0.562	-17.49e-6
0.561	-17.43e-6
0.56	-17.39e-6
0.559	-17.34e-6
0.558	-17.29e-6
0.557	-17.25e-6
0.556	-17.2e-6
0.555	-17.15e-6
0.554	-17.1e-6
0.553	-17.05e-6
0.552	-16.99e-6
0.551	-16.94e-6
0.55	-16.9e-6
0.549	-16.85e-6
0.548	-16.77e-6
0.547	-16.71e-6
0.546	-16.65e-6
0.545	-16.59e-6
0.544	-16.54e-6
0.543	-16.48e-6
0.542	-16.42e-6
0.541	-16.36e-6
0.54	-16.28e-6
0.539	-16.22e-6
0.538	-16.17e-6
0.537	-16.1e-6
0.536	-16.05e-6
0.535	-15.98e-6
0.534	-15.92e-6
0.533	-15.87e-6
0.532	-15.79e-6
0.531	-15.74e-6
0.53	-15.69e-6
0.529	-15.62e-6
0.528	-15.56e-6
0.527	-15.5e-6
0.526	-15.43e-6
0.525	-15.38e-6
0.524	-15.33e-6
0.523	-15.27e-6
0.522	-15.2e-6
0.521	-15.14e-6
0.52	-15.09e-6
0.519	-15.03e-6
0.518	-14.97e-6
0.517	-14.92e-6
0.516	-14.84e-6
0.515	-14.79e-6
0.514	-14.74e-6
0.513	-14.67e-6
0.512	-14.65e-6
0.511	-14.61e-6
0.51	-14.54e-6
0.509	-14.48e-6
0.508	-14.42e-6
0.507	-14.36e-6
0.506	-14.31e-6
0.505	-14.27e-6
0.504	-14.22e-6
0.503	-14.16e-6
0.502	-14.11e-6
0.501	-14.06e-6
0.5	-14e-6
0.499	-13.96e-6
0.498	-13.92e-6
0.497	-13.86e-6
0.496	-13.82e-6
0.495	-13.77e-6
0.494	-13.73e-6
0.493	-13.69e-6
0.492	-13.64e-6
0.491	-13.61e-6
0.49	-13.56e-6
0.489	-13.51e-6
0.488	-13.48e-6
0.487	-13.44e-6
0.486	-13.4e-6
0.485	-13.38e-6
0.484	-13.33e-6
0.483	-13.31e-6
0.482	-13.28e-6
0.481	-13.23e-6
0.48	-13.21e-6
0.479	-13.18e-6
0.478	-13.14e-6
0.477	-13.11e-6
0.476	-13.08e-6
0.475	-13.05e-6
0.474	-13.02e-6
0.473	-13e-6
0.472	-12.98e-6
0.471	-12.95e-6
0.47	-12.92e-6
0.469	-12.91e-6
0.468	-12.88e-6
0.467	-12.87e-6
0.466	-12.85e-6
0.465	-12.82e-6
0.464	-12.81e-6
0.463	-12.78e-6
0.462	-12.76e-6
0.461	-12.76e-6
0.46	-12.75e-6
0.459	-12.74e-6
0.458	-12.72e-6
0.457	-12.69e-6
0.456	-12.68e-6
0.455	-12.66e-6
0.454	-12.65e-6
0.453	-12.65e-6
0.452	-12.62e-6
0.451	-12.62e-6
0.45	-12.62e-6
0.449	-12.6e-6
0.448	-12.61e-6
0.447	-12.61e-6
0.446	-12.59e-6
0.445	-12.59e-6
0.444	-12.57e-6
0.443	-12.58e-6
0.442	-12.58e-6
0.441	-12.58e-6
0.44	-12.58e-6
0.439	-12.57e-6
0.438	-12.58e-6
0.437	-12.6e-6
0.436	-12.59e-6
0.435	-12.6e-6
0.434	-12.61e-6
0.433	-12.59e-6
0.432	-12.6e-6
0.431	-12.59e-6
0.43	-12.59e-6
0.429	-12.6e-6
0.428	-12.61e-6
0.427	-12.61e-6
0.426	-12.62e-6
0.425	-12.61e-6
0.424	-12.63e-6
0.423	-12.64e-6
0.422	-12.65e-6
0.421	-12.67e-6
0.42	-12.67e-6
0.419	-12.69e-6
0.418	-12.7e-6
0.417	-12.7e-6
0.416	-12.73e-6
0.415	-12.75e-6
0.414	-12.77e-6
0.413	-12.78e-6
0.412	-12.79e-6
0.411	-12.8e-6
0.41	-12.83e-6
0.409	-12.84e-6
0.408	-12.87e-6
0.407	-12.87e-6
0.406	-12.89e-6
0.405	-12.92e-6
0.404	-12.94e-6
0.403	-12.97e-6
0.402	-13e-6
0.401	-13.01e-6
0.4	-13.05e-6
0.399	-13.07e-6
0.398	-13.09e-6
0.397	-13.13e-6
0.396	-13.15e-6
0.395	-13.18e-6
0.394	-13.2e-6
0.393	-13.22e-6
0.392	-13.25e-6
0.391	-13.29e-6
0.39	-13.33e-6
0.389	-13.36e-6
0.388	-13.38e-6
0.387	-13.42e-6
0.386	-13.46e-6
0.385	-13.49e-6
0.384	-13.55e-6
0.383	-13.59e-6
0.382	-13.62e-6
0.381	-13.66e-6
0.38	-13.69e-6
0.379	-13.73e-6
0.378	-13.78e-6
0.377	-13.82e-6
0.376	-13.87e-6
0.375	-13.91e-6
0.374	-13.95e-6
0.373	-14.01e-6
0.372	-14.05e-6
0.371	-14.12e-6
0.37	-14.18e-6
0.369	-14.22e-6
0.368	-14.27e-6
0.367	-14.33e-6
0.366	-14.38e-6
0.365	-14.45e-6
0.364	-14.5e-6
0.363	-14.57e-6
0.362	-14.64e-6
0.361	-14.7e-6
0.36	-14.77e-6
0.359	-14.83e-6
0.358	-14.92e-6
0.357	-14.99e-6
0.356	-15.05e-6
0.355	-15.12e-6
0.354	-15.19e-6
0.353	-15.25e-6
0.352	-15.33e-6
0.351	-15.41e-6
0.35	-15.48e-6
0.349	-15.57e-6
0.348	-15.65e-6
0.347	-15.73e-6
0.346	-15.81e-6
0.345	-15.91e-6
0.344	-15.99e-6
0.343	-16.07e-6
0.342	-16.16e-6
0.341	-16.26e-6
0.34	-16.34e-6
0.339	-16.46e-6
0.338	-16.57e-6
0.337	-16.67e-6
0.336	-16.78e-6
0.335	-16.88e-6
0.334	-17e-6
0.333	-17.11e-6
0.332	-17.22e-6
0.331	-17.34e-6
0.33	-17.46e-6
0.329	-17.57e-6
0.328	-17.7e-6
0.327	-17.81e-6
0.326	-17.94e-6
0.325	-18.08e-6
0.324	-18.21e-6
0.323	-18.34e-6
0.322	-18.47e-6
0.321	-18.59e-6
0.32	-18.75e-6
0.319	-18.91e-6
0.318	-19.05e-6
0.317	-19.2e-6
0.316	-19.35e-6
0.315	-19.51e-6
0.314	-19.68e-6
0.313	-19.84e-6
0.312	-20.01e-6
0.311	-20.17e-6
0.31	-20.35e-6
0.309	-20.54e-6
0.308	-20.72e-6
0.307	-20.93e-6
0.306	-21.15e-6
0.305	-21.31e-6
0.304	-21.51e-6
0.303	-21.7e-6
0.302	-21.9e-6
0.301	-22.11e-6
0.3	-22.32e-6
0.299	-22.54e-6
0.298	-22.77e-6
0.297	-22.98e-6
0.296	-23.21e-6
0.295	-23.44e-6
0.294	-23.69e-6
0.293	-23.94e-6
0.292	-24.18e-6
0.291	-24.44e-6
0.29	-24.7e-6
0.289	-24.96e-6
0.288	-25.24e-6
0.287	-25.53e-6
0.286	-25.82e-6
0.285	-26.11e-6
0.284	-26.39e-6
0.283	-26.7e-6
0.282	-27e-6
0.281	-27.3e-6
0.28	-27.64e-6
0.279	-27.95e-6
0.278	-28.28e-6
0.277	-28.63e-6
0.276	-28.98e-6
0.275	-29.35e-6
0.274	-29.71e-6
0.273	-30.08e-6
0.272	-30.46e-6
0.271	-30.84e-6
0.27	-31.24e-6
0.269	-31.67e-6
0.268	-32.1e-6
0.267	-32.54e-6
0.266	-32.98e-6
0.265	-33.44e-6
0.264	-33.91e-6
0.263	-34.38e-6
0.262	-34.88e-6
0.261	-35.4e-6
0.26	-35.9e-6
0.259	-36.43e-6
0.258	-36.96e-6
0.257	-37.5e-6
0.256	-38.07e-6
0.255	-38.64e-6
0.254	-39.21e-6
0.253	-39.8e-6
0.252	-40.4e-6
0.251	-41e-6
0.25	-41.62e-6
0.249	-42.24e-6
0.248	-42.89e-6
0.247	-43.54e-6
0.246	-44.21e-6
0.245	-44.9e-6
0.244	-45.59e-6
0.243	-46.31e-6
0.242	-47.05e-6
0.241	-47.8e-6
0.24	-48.56e-6
0.239	-49.33e-6
0.238	-50.1e-6
0.237	-50.91e-6
0.236	-51.72e-6
0.235	-52.55e-6
0.234	-53.39e-6
0.233	-54.22e-6
0.232	-55.08e-6
0.231	-55.95e-6
0.23	-56.83e-6
0.229	-57.7e-6
0.228	-58.58e-6
0.227	-59.47e-6
0.226	-60.36e-6
0.225	-61.24e-6
0.224	-62.14e-6
0.223	-63.02e-6
0.222	-63.91e-6
0.221	-64.78e-6
0.22	-65.63e-6
0.219	-66.48e-6
0.218	-67.3e-6
0.217	-68.1e-6
0.216	-68.87e-6
0.215	-69.6e-6
0.214	-70.31e-6
0.213	-70.98e-6
0.212	-71.59e-6
0.211	-72.17e-6
0.21	-72.68e-6
0.209	-73.11e-6
0.208	-73.47e-6
0.207	-73.75e-6
0.206	-73.93e-6
0.205	-74.03e-6
0.204	-74.03e-6
0.203	-73.9e-6
0.202	-73.64e-6
0.201	-73.25e-6
0.2	-72.72e-6
0.199	-72.05e-6
0.198	-71.22e-6
0.197	-70.27e-6
0.196	-69.14e-6
0.195	-67.88e-6
0.194	-66.51e-6
0.193	-65e-6
0.192	-63.38e-6
0.191	-61.69e-6
0.19	-59.93e-6
0.189	-58.13e-6
0.188	-56.31e-6
0.187	-54.5e-6
0.186	-52.72e-6
0.185	-50.96e-6
0.184	-49.26e-6
0.183	-47.62e-6
0.182	-46.05e-6
0.181	-44.55e-6
0.18	-43.13e-6
0.179	-41.78e-6
0.178	-40.5e-6
0.177	-39.27e-6
0.176	-38.13e-6
0.175	-37.04e-6
0.174	-36e-6
0.173	-35.02e-6
0.172	-34.1e-6
0.171	-33.22e-6
0.17	-32.38e-6
0.169	-31.58e-6
0.168	-30.84e-6
0.167	-30.12e-6
0.166	-29.43e-6
0.165	-28.77e-6
0.164	-28.14e-6
0.163	-27.56e-6
0.162	-26.99e-6
0.161	-26.44e-6
0.16	-25.93e-6
0.159	-25.42e-6
0.158	-24.94e-6
0.157	-24.47e-6
0.156	-24.02e-6
0.155	-23.59e-6
0.154	-23.18e-6
0.153	-22.78e-6
0.152	-22.4e-6
0.151	-22.03e-6
0.15	-21.67e-6
0.149	-21.33e-6
0.148	-20.99e-6
0.147	-20.67e-6
0.146	-20.36e-6
0.145	-20.05e-6
0.144	-19.76e-6
0.143	-19.47e-6
0.142	-19.19e-6
0.141	-18.92e-6
0.14	-18.66e-6
0.139	-18.41e-6
0.138	-18.18e-6
0.137	-17.94e-6
0.136	-17.71e-6
0.135	-17.48e-6
0.134	-17.26e-6
0.133	-17.05e-6
0.132	-16.84e-6
0.131	-16.64e-6
0.13	-16.44e-6
0.129	-16.24e-6
0.128	-16.05e-6
0.127	-15.86e-6
0.126	-15.69e-6
0.125	-15.51e-6
0.124	-15.34e-6
0.123	-15.18e-6
0.122	-15.02e-6
0.121	-14.86e-6
0.12	-14.71e-6
0.119	-14.56e-6
0.118	-14.41e-6
0.117	-14.27e-6
0.116	-14.13e-6
0.115	-13.99e-6
0.114	-13.86e-6
0.113	-13.73e-6
0.112	-13.6e-6
0.111	-13.47e-6
0.11	-13.35e-6
0.109	-13.23e-6
0.108	-13.12e-6
0.107	-13e-6
0.106	-12.88e-6
0.105	-12.77e-6
0.104	-12.65e-6
0.103	-12.55e-6
0.102	-12.44e-6
0.101	-12.34e-6
0.1	-12.25e-6
0.099	-12.15e-6
0.098	-12.05e-6
0.097	-11.96e-6
0.096	-11.87e-6
0.095	-11.77e-6
0.094	-11.68e-6
0.093	-11.59e-6
0.092	-11.5e-6
0.091	-11.4e-6
0.09	-11.32e-6
0.089	-11.24e-6
0.088	-11.16e-6
0.087	-11.08e-6
0.086	-11e-6
0.085	-10.92e-6
0.084	-10.84e-6
0.083	-10.75e-6
0.082	-10.67e-6
0.081	-10.6e-6
0.08	-10.53e-6
0.079	-10.46e-6
0.078	-10.39e-6
0.077	-10.32e-6
0.076	-10.25e-6
0.075	-10.18e-6
0.074	-10.12e-6
0.073	-10.05e-6
0.072	-9.99e-6
0.071	-9.929e-6
0.07	-9.866e-6
0.069	-9.806e-6
0.068	-9.74e-6
0.067	-9.678e-6
0.066	-9.617e-6
0.065	-9.556e-6
0.064	-9.498e-6
0.063	-9.44e-6
0.062	-9.385e-6
0.061	-9.33e-6
0.06	-9.276e-6
0.059	-9.221e-6
0.058	-9.169e-6
0.057	-9.118e-6
0.056	-9.068e-6
0.055	-9.017e-6
0.054	-8.963e-6
0.053	-8.913e-6
0.052	-8.862e-6
0.051	-8.814e-6
0.05	-8.762e-6
0.049	-8.712e-6
0.048	-8.665e-6
0.047	-8.619e-6
0.046	-8.571e-6
0.045	-8.526e-6
0.044	-8.476e-6
0.043	-8.428e-6
0.042	-8.385e-6
0.041	-8.341e-6
0.04	-8.297e-6
0.039	-8.255e-6
0.038	-8.215e-6
0.037	-8.172e-6
0.036	-8.13e-6
0.035	-8.089e-6
0.034	-8.05e-6
0.033	-8.013e-6
0.032	-7.977e-6
0.031	-7.943e-6
0.03	-7.904e-6
0.029	-7.866e-6
0.028	-7.827e-6
0.027	-7.791e-6
0.026	-7.758e-6
0.025	-7.723e-6
0.024	-7.684e-6
0.023	-7.648e-6
0.022	-7.613e-6
0.021	-7.577e-6
0.02	-7.543e-6
0.019	-7.508e-6
0.018	-7.475e-6
0.017	-7.443e-6
0.016	-7.412e-6
0.015	-7.38e-6
0.014	-7.346e-6
0.013	-7.315e-6
0.012	-7.28e-6
0.011	-7.25e-6
0.01	-7.223e-6
0.009	-7.193e-6
0.008	-7.162e-6
0.007	-7.131e-6
0.006	-7.1e-6
0.005	-7.073e-6
0.004	-7.044e-6
0.003	-7.016e-6
0.002	-6.989e-6
0.001	-6.962e-6
